1.400889960840783210e+00 4.295121821340698531e+00
8.004162721733281138e-01 3.738061776137241221e+00
4.668508595592009591e+00 2.236929454776130033e+00
4.222477353292679592e-01 1.298113855394312566e+00
3.822408789732602230e+00 2.460164770628963993e+00
3.996694246918146121e+00 2.193885515504203187e+00
2.288911413792439564e+00 6.074069986187806691e+00
2.000654620047194854e+00 2.532507707075129844e+00
2.374898103693349860e+00 7.377272800090532101e+00
4.393168598686774118e-01 3.246568314143403633e+00
1.571700032086205567e+00 6.599268054965291341e+00
4.256083156985197569e+00 4.978078694284194583e+00
1.193196842926997236e+00 4.119606895519780210e+00
1.844863514843226415e+00 4.152626601439033394e+00
6.057640656116658473e-01 4.170786851947493545e+00
4.382476565793300693e+00 2.371481741296769474e+00
5.379476758886891918e-01 4.569628641544176695e+00
9.980667553069754172e-01 6.098084467542985720e+00
2.066068583655964908e+00 5.269032009584505793e+00
3.263091530956784947e+00 5.578554109328679012e+00
7.859732690112020137e-01 3.060065877116783462e+00
1.562430152426891539e+00 4.393082673794515003e-01
4.599897658927617705e+00 2.518800159620099510e+00
3.031566293807117507e+00 3.223060673234860118e+00
2.617918432048310429e+00 4.686653847470951817e+00
3.802167800540851683e+00 4.431156383616672301e+00
2.525058133044431496e+00 3.056709137161478296e+00
4.417885083267375279e+00 4.185059613756467733e+00
3.662677949910198905e+00 1.873592622550511955e+00
3.321812499643175709e+00 3.084160260949361021e+00
9.696362620304943558e-02 4.602916856885550523e+00
2.786126282269125287e+00 3.745701134987826197e+00
-2.767857730511456005e-01 3.053692081724885377e+00
4.689711287090297942e-01 4.403021808241370572e+00
5.852125509803341785e+00 5.427492662825010861e+00
2.042881274699330341e+00 3.885286536999759566e+00
1.484060651182797397e+00 5.290438588736117609e+00
2.349127170369623929e+00 2.363257562611458251e+00
2.800912216724658954e+00 4.975023135403183971e+00
3.623210363568981851e+00 2.025945616500539614e+00
1.936207275408591943e+00 3.844615621303061559e+00
2.014055507034036019e-01 1.712354743042507454e+00
3.763939785974814267e+00 2.599841187538345366e+00
2.934345521514039046e+00 3.982746586821417356e+00
-4.041576400900588339e-01 2.607565377769279991e+00
3.509482699598049926e+00 5.764745919866397728e+00
9.704759903133864940e-01 3.627983938129557107e+00
2.353024338977009577e+00 2.254495809566638531e+00
-9.267435141574464907e-03 4.729748927728020469e+00
4.416647414059555743e-01 4.196511254145934622e+00
1.863027351559354283e-01 1.479764160444623666e+00
9.662504178343604977e-01 4.051477983810736205e+00
3.669914695117386660e+00 4.259755744460401061e+00
5.626743180062672600e+00 4.014534914387358988e+00
3.269789624665888184e+00 2.661186885250512280e+00
-1.323778036295165883e+00 1.604421612275352071e+00
3.244427884097090153e+00 7.226843802884315160e+00
4.460510318947290109e+00 5.169236961452245538e+00
4.497645896887766170e+00 5.905742363125033201e+00
3.090877198820775273e+00 3.007259400096315982e+00
3.666752401250314541e+00 4.182320444180599672e+00
9.237392567832457546e-01 3.319136949506821921e+00
6.685421911766296077e-01 4.414539842524260571e+00
5.072441556529412310e+00 5.180137608624585610e+00
1.287210513626097619e+00 5.265670578140618119e+00
4.977925239669654722e+00 4.807447361282454423e+00
1.395197860414767010e+00 4.280526185757518753e+00
4.311662600366360287e+00 3.040208700182876367e+00
3.434793683641134798e+00 4.528470558191496131e+00
2.718425857329667128e-01 2.043974615885264079e+00
9.259562966244095916e-01 4.016658459379002011e+00
-1.822378231734556042e-01 4.365190615765708770e+00
5.052221805273802602e+00 4.243653963986620425e+00
-7.529254613017126729e-01 4.495303940040355606e+00
2.192076548499182209e+00 4.922793606710362369e+00
4.868809876083986410e+00 5.399165948909145030e+00
4.802673314675442562e+00 1.496319880103527122e+00
6.018987984292840654e-01 4.131527051253463867e+00
4.057508770479801186e+00 3.858024955973647252e+00
2.874410279604511675e+00 5.482288826795417513e+00
5.675397474786085361e+00 3.881362586340213916e+00
3.791603196439796264e+00 2.419951754468484317e+00
5.253608903696234123e+00 4.601624257143084762e+00
3.289165930761203116e-01 3.085156577875781903e+00
1.683323593918517602e+00 4.206789757044180789e+00
1.021541681169568339e+00 3.132015540910409790e+00
3.380743834200560904e+00 3.235209413768924680e+00
4.379326887953751246e+00 2.099756348032798314e+00
2.114751650007485217e+00 5.883347766917768951e+00
2.949045213883965566e+00 6.239305973963205076e+00
4.235874185763626620e+00 5.251550263178790701e+00
1.722564007348143189e+00 5.238042804345472980e+00
2.803787644453966443e+00 6.561135060698582322e+00
4.161963141743856731e+00 3.766309949806439850e+00
4.441983759060246229e+00 3.943775919982692280e+00
2.491141967280804614e+00 3.794306347050965478e+00
3.890555314839321710e+00 4.079980228029005396e+00
1.048255450032223646e+00 3.487162417307183127e+00
6.480088750603043568e-01 4.801520319281181060e+00
1.560765201843601346e+00 5.177201507339702857e+00
3.117664934270610200e+00 2.750835467752549501e+00
7.189526459613457821e-01 2.473392738842652427e+00
1.634433497405199498e+00 4.644729284475337394e+00
-6.385557480788439655e-02 5.328291035277078258e+00
3.707712239322142445e+00 4.109310714535093112e+00
4.716681334035872641e-01 5.043544542851014612e+00
1.342901257053459751e+00 3.837425477986506461e+00
5.643094850980452382e-01 4.723673835101549479e+00
4.808347679746037606e+00 2.039845689908327486e+00
1.842780978348245391e+00 4.196273464251324192e+00
3.383337187553889791e+00 4.203795526212359412e+00
4.265641713123171641e+00 6.684798307176150090e+00
2.711384289753435706e-01 3.539916874459893670e+00
7.441819818046264690e-01 4.751479469145077239e+00
1.437095896057761557e+00 2.959854924985494851e+00
1.574569454314271200e+00 3.810123047927648443e+00
4.250579244739932427e+00 2.402595899303892502e+00
1.142045286766503187e+00 4.467835735782600182e+00
2.249819418208296895e+00 2.982997780529214715e+00
3.814540754774786269e+00 6.114407778958392825e+00
2.960329431402500155e+00 3.713757810334762155e+00
2.670821346593782231e+00 1.953036174115685419e+00
1.632691407338974221e+00 4.859295347607926807e+00
4.992573226872341507e+00 5.458348666713840558e+00
1.730530838155954765e-01 4.196294634249092326e+00
1.354842957249531299e+00 3.416585449544390585e+00
9.973270950442278959e-01 6.160930739901962383e+00
8.095978911452221816e-01 3.514198814872341092e+00
4.595869875909957436e+00 1.949381331805084105e+00
3.282116917801791711e-01 2.193721021946732463e+00
1.825167769234268267e+00 3.381800078992975411e+00
2.796408879217015642e+00 3.155272075956327527e+00
4.874039630680302437e+00 3.898179008786557098e+00
4.232993270526483442e+00 3.362583701641360001e+00
3.153487754033427404e+00 3.922658363631335465e+00
4.763220119645103168e+00 6.054343207822419970e+00
5.382555929092859515e+00 3.991781082658953039e+00
-2.368896414346997048e-01 1.248968480641968970e+00
1.377327454433837861e+00 3.777280194028244775e+00
1.740458718797205151e+00 4.362324371952148283e+00
1.372394433608797870e+00 3.899613650167932821e+00
5.603676562006123518e-01 2.320312937751296101e+00
5.041675336883768566e+00 3.550288845252329573e+00
5.576047966581562321e+00 8.377794419780123292e+00
2.102631958128531320e-02 3.518424177430671040e+00
1.037996953312441795e+00 5.094004080462855022e+00
-2.416901156460879996e-01 2.424238724428499303e+00
3.610666604132533930e+00 3.051811492063626119e+00
5.486504303156275242e+00 4.449764477847931055e+00
9.267812743218982741e-01 3.979748741167959736e+00
1.208083332618971717e+00 5.963223757162426253e+00
5.899747303879925298e-01 6.848444861089500790e+00
1.536528458479134773e+00 4.164171785356948874e+00
1.311956834845906528e+00 4.353390120935643814e+00
3.779326989181549301e+00 3.335691589359500941e+00
3.539597429713784660e+00 3.293043856474338504e+00
-3.829819553497846307e-01 4.915751794370204486e+00
1.584089354251786874e+00 4.296547381619506112e+00
2.133842382444600005e+00 3.466924597681884990e+00
3.155750144397483581e+00 4.967848496949775594e+00
1.535812702488356774e+00 1.420533735763285232e+00
-4.282770887632345591e-01 3.179301413193462267e+00
4.686007585688385824e+00 5.917360827693284087e+00
4.634096208194875999e+00 4.860335533428300714e+00
5.315183252214595200e+00 4.169700841105927758e+00
-3.259734020747018235e-02 4.822241338857478965e+00
2.916016530856818445e+00 2.128687429850207646e+00
1.624610957875955553e+00 7.462298131784335098e+00
7.232495418568662959e-01 3.361048287990653360e+00
4.148558322737406101e+00 5.401071362080777760e+00
2.462958170363110932e-01 3.057884352345876078e+00
2.967121845141836634e+00 2.133921884620512799e+00
3.925096123090185962e+00 2.633853330379333890e+00
1.728025089500000444e+00 5.389190607460372817e+00
5.349253075999095275e-01 4.552140779434974860e+00
9.177998886518042854e-01 5.107626905054873490e+00
3.039130672176922232e+00 2.337643933068825230e+00
4.321814145769574012e+00 2.534854708340065432e+00
4.985908721921164855e+00 4.895070509646002321e+00
3.101923406649014225e+00 3.616331521549609462e+00
2.944367498845124942e+00 2.751870620660142652e+00
2.363146745368768897e+00 2.116361490335465501e+00
4.097740211425031198e+00 3.541868150408626903e+00
6.274228528357046919e+00 6.581293765925355643e+00
2.939820141867746095e-01 2.654026569084206866e+00
1.096110715059351648e+00 5.661537249843680009e+00
2.679546159001674477e-01 1.709194841539616316e+00
1.568036526030813560e+00 5.026405324904121841e+00
3.754030028493932747e+00 3.255212832367872178e+00
4.072156028183711030e+00 4.936058855433683945e+00
4.391906097084936178e+00 3.973856449786508538e+00
2.840397302872546881e+00 2.871824822780671305e+00
6.654300982224776728e-01 4.235346476533420557e+00
3.759953725991396656e+00 3.573830608793717722e+00
4.409250867906567173e+00 1.877187513843151745e+00
2.933660442089563780e+00 4.956410570360669787e+00
9.738705378545867708e-01 3.468389118780489611e+00
3.845832692491566007e+00 4.623597177276090875e+00
1.757186665462590280e+00 5.244729356622668703e+00
1.532502340534026786e+00 4.298859668274252144e+00
2.212111739006676903e-01 5.868483055400316672e+00
1.701811174970778939e+00 4.947277904826060002e+00
4.097499062491801958e+00 4.382984730697016218e+00
4.227457290861865724e-01 2.678683165953332335e+00
1.887471040881989470e-01 3.351243081897739007e+00
5.796396385841437571e+00 4.385450734409400475e+00
4.975657116883304809e+00 4.522509585932483311e+00
3.308158219443114945e+00 2.564485157767383061e+00
1.957850880387488113e+00 5.276035334152535228e+00
6.340505405437811604e+00 6.101737835003865129e+00
2.750042392892685150e+00 3.576210113445730698e+00
1.746961655347905262e+00 3.201007156169696000e+00
2.839625210816109080e-01 4.745733933220692258e+00
3.537714834999221569e+00 4.035751129565934292e-01
1.073514379002020958e+00 4.368752973878748946e+00
4.148518410934979306e-01 2.218096122691060046e+00
7.892502531207923333e-01 4.371398305949284691e+00
3.356114193290923531e+00 3.244569435676869951e+00
4.470922695347505638e+00 2.997121066647939092e+00
4.344384305034690863e-01 2.233322625001918027e+00
2.622007672032543368e+00 4.109299967768569317e-01
-2.440567102004795874e-01 2.901790640434995794e+00
-4.934826367579028261e-01 5.294050609804903829e+00
2.434701698099333012e-01 2.582565011089268836e+00
1.744739930763462787e+00 4.980255447598342045e+00
1.996084224005432617e+00 3.304904572197819856e+00
3.488752627840121967e+00 3.435953524376857970e+00
4.558320196305723826e+00 3.307698061085623031e+00
3.435200490224347369e+00 6.439754134655029105e-02
3.575386556976889452e-02 3.952481587747002312e+00
1.324125251650300150e+00 5.815442245897379792e+00
4.171688759587794060e+00 5.356305813127082871e+00
3.743946669302171237e+00 2.876856009050648311e+00
1.916403097474763673e+00 5.014966415675866429e+00
2.769226542160267979e+00 5.191350209953101924e+00
4.129399139389722251e+00 3.014732193376195912e+00
5.549833449408918540e+00 3.243517790901083941e+00
-2.096858674569146430e-01 2.499549726212738854e+00
4.077484738160392475e+00 5.631465712413831426e+00
4.947745109313928857e+00 4.871547562009166832e+00
1.198331457650669396e+00 3.338878164049042585e+00
1.817471216836636261e+00 4.931710100053131818e+00
4.183749660407913851e+00 4.628351288807318831e+00
2.974622055257981401e+00 4.226212258839412428e+00
3.878333910120059791e+00 4.077102669730465756e+00
2.244296506989800655e+00 2.061711129833966094e+00
1.646849568398911501e-02 4.609506720652724709e+00
-9.612677208456155142e-01 9.590578238566638269e-01
2.448235840507398953e-01 3.391448012501532716e+00
5.510818692829725585e+00 5.565060508487528423e+00
5.138034091484033894e-02 4.211725122898074325e+00
5.934365818586293528e+00 7.452489515949672239e+00
5.853169692936893043e+00 4.292934928210453194e+00
8.607410404697879436e-01 3.607157525389276032e+00
1.675234444914745602e+00 4.469816603114480813e+00
9.531654752236666805e-01 2.791024482928678108e+00
3.241923949732990806e+00 4.055941604988861471e+00
1.538564901504220206e+00 3.814510139796690513e+00
5.297186927343246587e+00 4.246122215968348712e+00
3.061117656735190540e+00 3.001767387297668677e+00
2.076106436271734523e+00 3.263793235337809406e+00
3.083967973282075725e+00 3.624942544806448730e+00
4.455309729315997558e+00 4.056649309305003115e+00
4.126260548970051900e+00 4.745247171011986786e+00
2.264254583735566317e+00 4.870453447517885337e+00
1.863231885365406848e+00 4.852283378398554170e+00
4.899900981827669533e-01 3.963383637152648742e+00
4.692851892485916387e-01 1.678675130190578013e+00
4.312194538721868753e+00 5.151409811991787713e+00
1.201402605732298845e+00 4.551783321162185203e+00
3.971110019813501424e+00 3.900781189262488624e+00
-7.152203358414743750e-01 1.444368551720704108e+00
3.821429288396716029e-02 1.910570172010744194e+00
2.548801662864568662e+00 4.727188143463172842e+00
3.644556930671638106e+00 4.325502881681259737e+00
3.653049859801849930e+00 2.811872068375493861e+00
3.553326701587411485e+00 3.585470391936695034e+00
4.232213465629128812e+00 6.542552005804347814e+00
1.451887057666742864e+00 3.310003618045644913e+00
4.866650891313443417e+00 2.649852331256972171e+00
7.973870504841524820e-01 3.259460080549616112e+00
4.028591260784748940e+00 3.608362453143728388e+00
1.607182585757463533e+00 3.850823416651687481e+00
1.736830681921539998e+00 3.037775667315673722e+00
4.266701973532597059e+00 5.047154178058619323e+00
3.077359454051248555e+00 3.946808806670245140e+00
1.930087340369332161e+00 6.383209209754487468e+00
4.833358023379954460e+00 3.325192731488391562e+00
4.364951130619318498e+00 2.814748040794952111e+00
1.504292927333925167e+00 6.660403251827052173e+00
1.051572243511978089e+00 3.223314378414363190e+00
1.675471376290655012e+00 3.568641926251360452e+00
2.658702205189484413e+00 3.718810991459017501e+00
4.498653289429509705e+00 5.441533487629740762e+00
3.840250257153162927e+00 4.569080881554739904e+00
2.982327258690162353e+00 3.481249947605101536e+00
4.258082929825191876e+00 5.699832908513885243e+00
5.103004582385242127e-01 3.985556790371666214e+00
3.848764710636024322e+00 3.618253148287841281e+00
3.302445692150754120e+00 4.135145719414121679e+00
4.381776531233980698e+00 2.402590944146776764e+00
4.598451294427052805e-01 3.481965683000713518e+00
9.814706452568634498e-01 5.106979932409478451e+00
5.426671662776645366e-01 4.138816244398432431e+00
1.221869942457630476e+00 3.572509224771160508e+00
3.219075701384763288e+00 4.546906094980108115e+00
3.481329052491231923e+00 5.740021459739335086e+00
1.455235568600588003e+00 1.051809555895057535e+00
1.149921388291514690e+00 4.935257319669565490e+00
3.429948423511251843e+00 4.325849297943646476e+00
1.002557921823556519e+00 4.955092128751858560e+00
1.816053223791283422e+00 3.489480094798996568e+00
4.282424359981140682e+00 3.196685596787725014e+00
3.094031400239965812e+00 2.764380974926639034e+00
4.214750547921827462e+00 2.993401824981616777e+00
1.129456985632872668e+00 5.898019912010581400e+00
9.318032387947046136e-01 3.479658493136977171e+00
2.160073672491287233e+00 4.651220814605490972e+00
1.804187351648865567e+00 4.559034871624690233e+00
5.901624196439634318e-01 3.920358936617026835e+00
5.167306761610136689e+00 4.483061062248259176e+00
3.001728732870425631e+00 2.699948591664303787e+00
3.665124484954481510e+00 3.050710126171205960e+00
4.515886766854693590e+00 1.807025692921802928e+00
-2.880763375628991874e-02 5.470150979530582269e+00
3.604706893412623181e+00 4.808868569531034254e+00
1.094835871833393259e+00 4.056124969439864003e+00
1.239025511585935213e+00 2.804186370138096684e+00
3.412106011039299780e+00 1.933803393838640527e+00
4.650245636067450228e+00 5.854842369267640123e+00
8.921959126096096204e-01 2.343454129056200763e+00
1.906034141819890726e+00 5.496193648405159671e+00
5.723465822386589741e-01 2.764718884794354903e+00
3.994302896070264897e+00 6.373552513907338124e+00
2.582660865379352577e-01 3.955958361345422780e+00
4.645492868051059432e+00 4.898216928563052797e+00
3.717540294241294063e+00 4.610600902107053756e+00
9.554905510877637065e-01 3.164531507966660051e+00
2.013992757741027262e+00 4.871167622308060885e+00
6.015150795851609278e-01 4.121166302831553274e+00
6.822627569346823018e-01 3.280302045644030606e+00
-3.955213561582318071e-01 3.027192988763343529e+00
3.248738207219593832e+00 3.856943340579027879e+00
1.806691781789292683e+00 3.532596610398787362e+00
-1.345448047508133183e-01 1.828122629505273267e+00
4.525039278632654316e+00 4.913183471353901766e+00
-8.261548833224718891e-03 2.076718581365109451e+00
1.239645199154193467e-01 3.070104337569688369e+00
8.684924117267988075e-01 6.488519718634758959e+00
4.128783879205133012e+00 6.294866615955885258e+00
5.314568297037089550e+00 5.936292955833205376e+00
2.885894948557387263e+00 4.132432232316054943e+00
1.248245003345529680e+00 5.234352341205461556e+00
4.686910036611423358e+00 4.101423618961187678e+00
3.633451561102915228e+00 3.029582182742890595e+00
9.407328546114167578e-01 5.688007412677224650e+00
3.838046903394063847e+00 4.819516721576443175e+00
3.258742234480067168e+00 2.581164980190489899e+00
3.210044122952486312e+00 3.157770138785400249e+00
2.642898070686633183e+00 6.598770185175930614e+00
7.945578020081272008e-01 2.854885411535130313e+00
4.013238977726491186e+00 3.093952507560003617e+00
4.986069586181658408e-01 2.384957402910896640e+00
3.477604840606359105e+00 4.664233769273022467e+00
6.142393745506727676e+00 5.761690820499837606e+00
2.344806514318709123e-01 1.094068320052853593e+00
4.259864705555068021e+00 3.793990081945190163e+00
3.284975446274361222e+00 2.395117092887417698e+00
3.091386145524654960e-01 4.968586201031564897e+00
-1.325135422863361168e+00 2.949831193391414974e+00
5.109912347286478251e+00 3.315152583004017384e+00
4.584185969939672312e+00 4.876904116065040817e+00
1.787302990769976674e+00 5.711798356287664191e+00
1.905294231293261698e+00 6.740505597944840943e+00
1.380646960553728375e+00 4.077349165726130487e+00
5.348962195238240458e-01 4.976598324579668109e+00
1.616033362877379087e+00 6.479649933116402138e+00
1.462395624692467866e+00 2.087223426386187519e+00
1.455831514269580795e+00 4.700431951786404383e+00
1.614370551178200275e-01 3.964460155339644576e+00
3.517568326941132195e+00 3.155438019420032880e+00
3.167204432119005819e+00 4.033526747714680560e+00
4.491134050194643734e+00 4.427436538990467518e+00
3.266846026044897933e+00 3.332552805120549966e+00
2.841693597224505652e+00 3.538903372481109422e+00
1.231228918396784167e+00 5.122794215522066708e+00
1.412625047945394785e+00 2.963231768367198704e+00
4.700500374686443550e+00 3.101461777398767161e+00
1.336269120681134570e+00 5.936856492339456004e+00
4.537792335359542406e+00 4.409360259969473894e+00
7.396216558025326959e-01 6.657588483063824114e+00
1.390424496606368798e+00 3.396163207367207004e+00
4.010040939272013105e+00 6.492925840780170432e+00
1.549397794100781933e+00 4.977991271581384325e+00
4.111654479323239464e+00 5.121443969622373693e+00
4.576048172348376575e+00 4.615089828558890162e+00
2.072437493590009616e+00 5.427978632352566279e+00
1.714329828982075199e+00 3.322677226851216137e+00
5.930540463001380269e-01 1.389407771094195887e+00
7.803889429185792981e-01 4.402902120024769772e+00
4.358687290219760424e-01 2.104268793709967333e+00
9.055133607010057428e-01 3.842117585186183071e+00
3.024128922552208998e+00 2.901979097648610839e+00
4.890336905220157959e+00 3.853469839401570063e+00
6.993998011293655059e-01 2.485830911058044101e+00
6.340170166194228685e+00 4.814634340492561115e+00
3.074794690869645741e+00 4.845551630818090594e+00
1.493290814981307779e+00 3.925210959281566492e+00
4.601944347519451028e+00 4.457702695496936762e+00
3.598220989802988212e-01 3.922315594033926711e+00
1.072229496831159645e-01 1.899946915335013475e+00
2.996664262871167494e+00 4.048631633264202279e+00
6.464377928634459813e+00 3.990832462560070848e+00
2.917979037743092974e+00 4.658739092489094347e+00
4.829489272155317536e+00 3.105319644536855161e+00
1.160314746246357442e+00 1.392361497123484781e+00
1.145258480230404441e+00 4.321473478056466533e+00
3.846828498927685303e+00 5.238860792614003614e+00
1.733480732264297552e+00 2.468080716329029478e+00
4.660976689109348481e-01 1.332368731382893134e+00
4.947883960945191006e+00 3.429861751115585555e+00
4.614874325166292479e+00 5.157284878591399391e+00
5.018890573477996497e+00 4.507460977209420960e+00
4.162810525657841154e+00 3.798866059517037819e+00
2.908938579407161384e+00 3.629790840581429201e+00
-7.034216095427603399e-02 3.312175624378996819e+00
5.882877209588310841e-01 4.129979216714915857e+00
1.620153987784746397e+00 4.265662167961385975e+00
9.116022675994390756e-01 4.856013824418971225e+00
5.185427110066151979e-01 2.501008454954704696e+00
3.417066852477457672e+00 3.054585842647568494e+00
2.181299447940648673e+00 2.562568908215216990e+00
9.003385824643782565e-01 3.824158269438617808e+00
-2.091838434007839975e-01 3.947086191850435632e+00
5.224413555536742138e+00 5.313098975131373969e+00
-4.800537153404782487e-02 2.637305633851395825e+00
2.383349699083288975e+00 6.298730537250657235e+00
2.055836012829579840e+00 4.700776605220378990e+00
4.433731625251806641e+00 3.386777843711914038e+00
4.161893171833472849e+00 3.592459982474899505e+00
4.919668190899648685e+00 4.044350116417615659e+00
1.769199528358175622e+00 3.939794005931435361e+00
4.919357156474594817e+00 4.474861881659731644e+00
2.543739889084897676e+00 6.196556340189617984e+00
4.635415328624612474e-01 2.901228812190276063e+00
1.211308707227511938e+00 2.871380870470729541e+00
1.227645056255214140e+00 4.208613068605076890e+00
4.067799596912342608e-01 3.532800814881945861e+00
2.091112424076925214e-01 4.355376302763563245e+00
-5.283174656621341114e-01 1.633973781627500621e+00
2.282161410672871149e+00 5.399475787059953014e+00
-1.127401859869845424e-01 1.917240722283763521e+00
3.775179105865056339e+00 5.437994094355289576e+00
3.375290206326832188e+00 4.278049997452503916e+00
4.329878164748506286e+00 1.789391234989095025e+00
-9.607060548486106022e-01 3.029258298436476871e+00
3.863409482068690615e+00 5.630372587440415799e+00
3.826632935543897718e-01 2.489557634039138101e+00
6.332403568923774539e-01 5.342298963035582382e+00
3.324793287895249527e+00 2.370403122892014824e+00
1.372731047829613749e+00 4.619986801125354425e+00
3.192734828635206412e-01 2.922245140818666709e+00
1.457942033334751031e+00 4.904279883627719272e+00
2.235859347139046882e+00 4.823621744384293919e+00
2.408096266393752849e+00 4.361303742620034285e+00
4.009069232507075142e+00 4.965105254284662983e+00
2.718429487380617182e+00 4.193601569560901687e+00
2.589968380200906140e+00 4.822477042285145288e+00
3.798731524428687667e+00 5.337895498423220531e+00
4.441199662266777093e-01 4.662009820910624214e+00
-3.886601182813498312e-02 4.504635850359342442e+00
4.657221249404778218e-01 2.823404512620083295e+00
4.341394761041448280e-01 5.272336392938348659e+00
6.823458217394522407e-01 5.031934118769226139e+00
4.638954838847075379e+00 5.195447714809728446e+00
2.453634271671539580e+00 6.305647603316707261e+00
1.769426975985330719e+00 6.153739053879967003e+00
4.656889752574210561e+00 3.789448885613710960e+00
1.409630122670233021e+00 4.526569310616014086e+00
3.011518957403839902e+00 6.839885148639387680e+00
6.794881819487890162e-01 3.543690744723760666e+00
1.457129681307219204e+00 3.115105697276249863e+00
7.862805053401358268e-01 3.839351270035765040e+00
1.721836228190770424e+00 5.090195354618733958e+00
3.324172998586038652e+00 4.620368084065281877e+00
1.756494412191257126e+00 3.441503305453964323e+00
1.833407565718818244e+00 4.480788971247260832e+00
1.841068712286722642e+00 4.902157316056531933e+00
3.891988359753550952e+00 5.838582810006560209e+00
4.065643014373541142e+00 6.999389148390745774e+00
4.995165367651780208e+00 2.726543387387305728e+00
4.001022407141931581e+00 2.896215055717490827e+00
5.255876119323565909e-01 3.378952241014881785e+00
5.100269621901756700e+00 6.433185812971279560e+00
4.843043882727891436e+00 6.615531145029448723e+00
2.637584891537861687e+00 3.705853157658804076e+00
2.124254419636980584e-01 4.202758324010417823e+00
2.347126132712009206e+00 8.355453831023371691e+00
5.204937920140423557e+00 5.165302630982007592e+00
3.865380951152866729e+00 3.878945457831571630e+00
2.937995733621860062e+00 4.081898135134526484e+00
3.785218474322281423e+00 3.082912554787477610e+00
1.003982125224790245e+00 5.215380533990279233e+00
8.338829112701453550e-01 3.923915533333334427e+00
1.605320900805341511e-01 3.018522125054760252e+00
4.605547382217062280e-01 4.088362899279196050e+00
2.126603858430470950e+00 4.105671516411740107e+00
4.403306808552863494e+00 4.806276224678539322e+00
2.304599438608172512e+00 7.507226722766800364e+00
5.767313610315072392e-01 3.045858750618271493e+00
2.442862584802057757e+00 1.967021634123484297e+00
3.743914245057983425e+00 3.640102939748776301e+00
3.779495299748985015e+00 3.549675372625446190e+00
1.492711637934703628e+00 5.329217439348024499e+00
3.816022914374619379e-01 4.946659371612420308e+00
4.907831570989071857e+00 4.356525354916054305e+00
4.055576174341695150e+00 3.445178047932638599e+00
2.834247830525067346e+00 5.031505446535206261e+00
1.394978871307628321e+00 2.982374412195605728e+00
1.391564519852457771e+00 5.274000754186969786e+00
2.550034319049355958e+00 5.119640719199136214e+00
3.139162344196126941e+00 3.212322675317373033e+00
3.011737515222005612e+00 5.183724720627023608e+00
2.824376712694676606e+00 2.048511682215421459e+00
3.963541809283971151e+00 2.610345216568240811e+00
1.838285559547401249e+00 3.163371661704233340e+00
5.002913610468491257e+00 3.554851989509285826e+00
3.561484932926693769e+00 2.981393881152231806e+00
1.746785038312567151e+00 2.719851260079976907e+00
1.385933375287843550e+00 2.867929443162001490e+00
2.117280396096896666e-01 3.201829382460799955e+00
8.361071684598653242e-01 4.145667689106964815e+00
2.482888541527284998e-01 4.570738083904708482e+00
7.073045192169202799e-01 2.331675005113013732e+00
2.225456489641281621e+00 4.866167113414908485e+00
3.821984106645129664e+00 3.839310054902736358e+00
5.670205897244237292e+00 3.495735423849971824e+00
2.252638942760221141e+00 4.313754928929030008e+00
5.061456526503703479e+00 5.073007011019487145e+00
4.965343596758211575e+00 4.306823774936327176e+00
3.690807535703629849e+00 4.697171516334050168e+00
1.009534927114598579e+00 4.950421434870158066e+00
3.895064723168209397e+00 2.244277552466500403e+00
3.806006680510151341e+00 2.677695902181282062e+00
3.678409587074960463e+00 3.661604898674378106e+00
4.386568351682610611e+00 4.225605936452630829e+00
4.736664217055494674e+00 5.253133187539500426e+00
-6.544601931321329946e-01 2.406474744304061275e-01
3.052151140672263896e+00 3.294823885459633228e+00
3.591705646225710424e+00 2.145107484584277469e+00
5.360250259167969045e-01 4.099954656357128080e+00
2.120986770123013621e+00 5.165085682239380027e+00
5.173720932772177150e+00 5.607554737141662748e+00
4.131631019998573962e+00 2.250287763839900368e+00
3.766710785238505554e+00 3.787198356808161304e+00
5.985722552407240826e+00 5.146404615956839734e+00
1.023309389020620852e+00 1.856150739373705338e+00
2.123410924527358024e+00 5.987574872584656482e+00
4.999985876621406256e+00 2.864996497237007222e+00
-1.639203854219782208e+00 2.122699494895389893e+00
1.318424336939459707e+00 5.443892092777316449e+00
1.282585297181439765e+00 3.779748115074812453e+00
4.889755732210608663e+00 5.581906919837087422e+00
1.808164315801655597e+00 3.359992164774944889e+00
-8.681059854470105641e-01 2.048330397434351635e+00
3.999610780028387769e+00 5.695734467209279117e+00
9.101032010917482484e-01 4.123957399102098798e+00
4.143914160690779447e+00 3.362606815914330305e+00
2.766139379177540381e+00 7.367721998472576139e+00
3.427925760421617785e+00 2.548715960839952999e+00
1.335179098799705200e+00 3.062679962954087287e+00
1.914981039017285003e+00 4.714413446534456931e+00
-2.771732231775303479e-01 4.427188893324154328e+00
4.718442022691278659e+00 3.468046224333382721e+00
3.679235721824965832e+00 2.806699733221264204e+00
4.424693400431531032e+00 4.323325582646003085e+00
4.910214968374901012e+00 3.289743773977358732e+00
3.639238160155042312e+00 9.351811468122011028e-01
4.088708625382528439e+00 4.848624206683139093e+00
1.066022556037403479e+00 3.968561580977708392e+00
3.494069830057471293e+00 3.488791838248232580e+00
1.432689466657180333e+00 1.742419164258678155e+00
-6.211955734563452403e-01 2.438671255865840326e+00
3.684602723673661817e+00 5.672202906270295664e+00
9.465091822156658230e-01 5.754904342437674458e+00
1.812677198411538182e+00 3.873771190022746058e+00
7.292623083150965302e-01 2.996092483280611063e+00
6.516589123101114156e-01 2.526864470682336439e+00
5.118660219621120611e-01 4.581097090503812197e+00
3.823899359758877736e-01 3.498049351271679264e+00
1.669903676725982500e+00 4.840829454102434148e+00
5.756414636117804795e-01 4.553472087154293746e+00
1.072629072661375638e+00 3.711152462893353210e+00
1.078412735085948260e+00 4.144632642981564530e+00
3.845092310964465021e+00 1.729149704638933915e+00
2.027118593674333891e+00 3.546935183274379622e+00
1.742392745678064347e+00 2.953046547581139158e+00
5.392957978095818561e+00 4.849543200942369126e+00
3.545568077375816252e+00 4.368151313289842186e+00
2.209095830260905835e+00 4.209430941121087066e+00
1.281215590163419460e+00 3.197668023434956819e+00
5.085977994950227732e+00 3.780312237985146151e+00
4.572392198619776416e+00 3.797056356548467626e+00
8.783324478345376773e-01 5.965232389066598806e+00
6.218743602526453085e-01 3.186589241881165879e+00
1.461278043512155733e+00 3.767715990118287728e+00
1.973913016737690596e-01 3.960232252806292319e+00
3.520532757873819030e+00 5.494098506336765553e+00
4.211411100142780306e+00 3.658949062192037971e+00
1.639023785894105245e+00 4.767107598372774646e+00
4.246265333373271389e+00 4.339808231726112631e+00
-1.695263865588159113e-02 1.398360528361048072e+00
1.848224022259833621e+00 5.792584256184503566e+00
3.149601497547422468e+00 1.472244344084422618e+00
2.430352948742900310e+00 4.187263994903942965e+00
3.135901908394994608e-01 3.755411067928311031e+00
2.759160375011796784e+00 2.703566511902889324e+00
4.822666330663449408e+00 5.534244831793433406e+00
3.496242009933629102e+00 4.183733212472823482e+00
-1.987609840829187569e-01 2.980023818720759721e+00
6.141942182534880779e+00 6.608395909133463419e+00
3.589152461489158785e+00 5.355631573780289756e+00
-1.739405559499296317e-02 1.709045621431793283e+00
1.702897160442012003e+00 4.550097797455380011e+00
1.962188493460077954e+00 3.143427164156536335e+00
4.775616266386959019e+00 5.619907896761157318e+00
5.484644551521350664e+00 4.349059319795610001e+00
4.595279677092970694e+00 3.652582884796510498e+00
3.170931231507796433e+00 4.288721975680534371e+00
1.971681684955672864e-02 2.318345815402133248e+00
1.435976371422967190e+00 5.130767729292337265e+00
4.175163891187835929e+00 3.629194623609300230e+00
4.895570373460422786e+00 4.572013804954812244e+00
6.327869999871476026e+00 5.030605788261961919e+00
1.286328344741697105e+00 1.296079824319010587e+00
4.003442592696807800e+00 5.133644376464149062e+00
1.828849118874836366e+00 5.029716431772676799e+00
5.712256430345830083e+00 6.950333325263189366e+00
4.309011708197889590e+00 4.884456229516298542e+00
4.292454312944550487e+00 1.743145726944890228e+00
3.394895067903883401e+00 8.729239690981516198e-01
1.112118147305628302e+00 3.147233712353670665e+00
4.263478947230673555e+00 3.932283523735258690e+00
3.618503148778772882e+00 3.278993958152248034e+00
2.272225095974627518e+00 2.312174799037945760e+00
2.619878350590181704e+00 3.892785769434105259e+00
4.692464118223055536e+00 5.701418514325765408e+00
4.652902356912763437e+00 4.603546253229048091e+00
4.933958676383048747e+00 3.574061015799444796e+00
4.364976492535507013e+00 3.220215694648505877e+00
1.656107868247561843e+00 4.326529079385359466e+00
-8.093586240014705169e-02 1.629359434724486633e+00
1.259525386477024167e+00 5.361548703113730774e+00
-7.969467964764289647e-01 1.805970098379428013e+00
4.139026054301041313e+00 4.932382196146223308e+00
3.603608505738954637e+00 3.025527182782144830e+00
4.685388558088019906e+00 4.683504856363061464e+00
3.552522429692052341e+00 4.371435845007876075e+00
7.364950156638754297e-01 5.545913961022672645e+00
1.632156198075776388e+00 5.337282107794377062e+00
-5.425948599088163959e-01 2.391763040564827136e+00
4.373515369226337768e+00 6.399167994183866170e+00
1.797197779659265526e+00 4.122220552678639294e+00
1.514588610731431917e+00 1.976161883712831191e+00
3.952961449592907517e+00 3.242264980847318512e+00
2.780327743826925602e+00 4.266226514954320592e+00
4.141340421624264856e+00 2.572419450248927486e+00
8.269075816341914242e-01 6.869706357960951415e+00
1.729253486233110149e+00 4.818075551557542191e+00
8.165277925716682983e-01 4.195723857827883485e+00
8.135854954300358877e-01 4.387449711977637890e+00
3.957602213863942175e+00 3.289192956949313906e+00
4.125519035643729460e+00 2.079360618747541523e+00
6.501232614573659863e-02 4.855188377970861779e+00
-2.212025116826623616e-01 2.675263758712461026e+00
4.239796908207956960e+00 4.852443129336603711e+00
1.245928095121351831e+00 4.448936143946500721e+00
1.716404371588811761e+00 5.129558778327535151e+00
1.657538300607170889e+00 1.574302587940243914e+00
3.385268319078663879e+00 5.349968198124306795e+00
2.447455481793784138e+00 2.680049436773998206e+00
4.263621199256948380e+00 3.404380315585782579e+00
1.563975637724308809e+00 3.268916868460179703e+00
4.469563409465346915e+00 8.109039103512737157e+00
1.964400355116229235e+00 5.792375482401787679e+00
2.292965627674239393e+00 3.187436838769549752e+00
2.610375306438430520e-01 3.287544436061034858e+00
2.042229104961463371e+00 4.263077271927179446e+00
9.253609886152065478e-01 3.952009113541498753e+00
3.495625334891321767e+00 4.541059266064173094e+00
1.644927838441030410e+00 4.203437706851332223e+00
8.819423097549576873e-01 3.350761056168028329e+00
1.312575034824011500e+00 5.609625042267500916e+00
2.207506013922598154e+00 3.418982490455718448e+00
3.298448906269405789e+00 3.576317560080258584e+00
4.498087230781353085e+00 4.707143643821213530e+00
4.941626199017660426e+00 6.848257104768615378e+00
-1.273948942606881740e+00 1.849279779681906266e+00
4.258281953208231663e+00 3.077220928946470924e+00
4.924633907298650470e+00 3.266036747885967095e+00
1.095798513939899577e+00 4.200470735681124168e+00
7.569927960121198840e-01 4.719894518734684574e+00
1.737721620577049819e+00 5.157891774549301367e+00
9.505381205870562233e-01 2.736602226130588900e+00
-8.563167781697038627e-01 4.048732266302959459e+00
3.417793388978448199e+00 1.950015420132351629e+00
4.092689550582638169e+00 3.741734821704414404e+00
1.712978799499838445e+00 5.490602831336554246e+00
1.919135694813359549e+00 4.146393871750746030e+00
3.254916101071174239e+00 4.041716685546108856e+00
3.738907173961985464e+00 3.568102422620877068e+00
6.449021193295713106e-01 4.450839976444685320e+00
-3.903054645338688289e-01 3.565256660366014962e+00
4.807739169875264729e+00 4.864851333611264650e+00
5.215024978817668355e-01 4.647999369285843230e+00
-2.553966451370839330e-01 3.286874341080352036e+00
4.028210732973144914e+00 3.795218812705920097e+00
5.115167727177119872e+00 3.543937221034317187e+00
1.324289286798170151e+00 4.603873631441040004e+00
1.171728133570644648e+00 4.194727035699163054e+00
4.183602543050857214e+00 3.442366123473926898e+00
2.410723099122165980e+00 6.149637025411226254e+00
3.876382816766176465e+00 4.318676057001172630e+00
3.253971040808600446e+00 2.190988710733157152e+00
4.071483742426615926e+00 3.192065966756836737e+00
4.310558476832416774e-01 2.605365215320758487e+00
4.337505236657183794e+00 4.059305121806816352e+00
1.537309716742492283e+00 4.385420678012038387e+00
1.885331428572203372e+00 4.048098814560033176e+00
4.399248268208910240e+00 5.470936156271230644e+00
4.060609397387004993e-01 5.034524883825678643e+00
4.490580218378996236e+00 4.363257660051069742e+00
-1.160086916716622785e-01 4.661909262146896715e+00
1.902237291778146044e+00 2.296838262337187242e+00
3.175825262061734655e+00 3.193040920609517386e+00
3.773983703751916163e+00 3.783224005679464153e+00
2.151395150042681337e+00 4.789776097586685211e+00
3.142142338016346681e+00 4.870489676437468773e+00
1.148327034991920570e+00 7.820129462317136237e+00
3.389748114845451354e+00 2.825926231583325787e+00
3.684568806771296501e+00 5.067972780968726276e+00
4.743120396637562131e+00 4.541602792720007109e+00
4.205849797688273384e+00 3.814588940296156583e+00
4.301219327521149438e+00 3.794115165025467640e+00
5.179954381551831410e+00 2.689048884350392132e+00
3.862079446602740607e+00 2.585555155369745783e+00
4.174828350715121594e+00 2.282310600949810642e+00
1.876864579046500836e+00 5.003121325844337441e+00
3.645647021184748482e+00 1.982300768535855351e+00
4.600427974003183929e-01 4.249103608985646652e+00
2.366963646543441158e+00 4.044560191126598703e+00
-4.435857336502686543e-01 3.991603260548205689e+00
1.282783734595172920e+00 6.915333908771946092e+00
2.860196037959728876e+00 3.267901780915387633e+00
5.074450986580976597e+00 4.583289369767014954e+00
7.354102395722548202e-01 2.081903788119513266e+00
4.064089366488961907e+00 6.745804360609545469e+00
3.095630246104599692e+00 6.356955239669375146e+00
4.094853302039791032e+00 2.666717015561263615e+00
5.198251966437590355e+00 4.869360364740514591e+00
3.210729725213053332e+00 3.456160242508575564e+00
2.906143225366145888e+00 3.201871623333967243e+00
4.111693639468893657e+00 3.672304020888807585e+00
1.191142007323990226e+00 2.838142292610370099e+00
1.650019297361108306e+00 2.754276018389960168e+00
3.905206625909646956e+00 4.505761775525107815e+00
4.415576051979914318e+00 4.406219895408579390e+00
3.054672846024759636e+00 2.728368007058255440e+00
5.669696749446870854e+00 4.902754511812021043e+00
5.016231592673815243e+00 5.462716264366724417e+00
1.829253132949475669e+00 4.504952273735936430e+00
2.936626131039545839e+00 5.718400869095614958e+00
3.822580403398802673e+00 5.569248330358725241e+00
1.173892258093999441e+00 3.848425248655347630e+00
2.619019486922423923e+00 4.730977015978384159e+00
1.850807424134483625e+00 3.403491204954822713e+00
9.867187924442503144e-01 5.340022209148050258e+00
3.960590911448598206e+00 4.173266966513699217e+00
4.079065406159255502e+00 1.223424635367976077e+00
1.028617650043020637e+00 4.379233139377763706e+00
1.746378447867269479e-02 2.959016561038986470e+00
3.190691376702179838e+00 7.244173154950960480e+00
5.507080522314327098e+00 5.275208751344191427e+00
9.334140061640876507e-01 2.766774110627198802e+00
2.854724663034705401e+00 4.390606814584257833e+00
-6.846802149735875531e-03 2.584366632272248498e+00
4.112658155115797021e-01 2.090155606414226597e+00
4.615674723784075617e+00 4.700860730136593446e+00
2.026320259144959834e+00 3.563265745051153566e+00
3.824816546505973136e+00 3.427508255247202040e+00
3.347402536396321793e+00 4.324282707697068240e+00
6.781995260373925305e-01 3.249465087828658838e+00
1.897936412702538878e+00 2.897208771579665942e+00
3.192269846488594354e+00 1.947143408590484182e+00
6.200164719569076333e+00 4.341524622503438735e+00
1.424809526026294737e+00 5.284640876438104762e+00
-9.003343692412053567e-01 4.609599677483050328e+00
2.732413814442166800e+00 2.560833562240479644e+00
6.467000105759618256e-01 1.903002807656209328e+00
4.307747899253783430e+00 6.188755945136795944e+00
7.041689001649814594e-01 4.074123397769725763e+00
4.983443078686996541e-01 2.849953198455416725e+00
6.098203309575318087e+00 6.292425896849352718e+00
4.875679314193423153e+00 5.263934273504067285e+00
1.476144376478843334e+00 1.950742611332086707e+00
1.656891152977517656e+00 3.178848793648626270e+00
6.628410226700952590e-01 2.876475650016657948e+00
-1.062408890458463873e-01 9.334042081111966205e-01
3.107742072707111891e+00 5.456046363427463852e+00
3.120935652148416395e+00 3.091672014653782163e+00
3.183973982168581962e+00 3.323650746185375926e+00
1.267058066600888599e+00 4.449479031284256259e+00
2.148284097235278800e+00 4.040463307647945257e+00
1.551799060096767047e+00 4.933828036455653709e+00
4.829246594933137793e+00 6.570722489237458497e+00
6.068271341871286140e+00 3.692070546695480182e+00
3.361850124944226970e+00 1.865692047707367074e+00
3.816959598236539186e+00 5.617376201471882879e+00
1.096975695925914485e+00 4.535346782813919120e+00
4.969601583339631201e-01 4.666899254522557605e+00
3.893850671027861754e+00 4.865390383391829054e+00
4.708764455213250155e-01 3.296446847689265880e+00
4.345501637295845931e+00 3.908903691773349287e+00
2.570472076164196373e-01 5.260496216048181850e+00
-8.631412975901642248e-02 4.175622968157665760e+00
2.006957994294024772e+00 2.081263624250215827e+00
9.166846174242490042e-01 3.792831625954168118e+00
2.939397523576098958e+00 3.229417597321307287e+00
5.141015901760958684e+00 3.180192790491907395e+00
7.582038848064605041e-01 5.365002694690985230e+00
-5.215643559208817948e-01 1.860957648308374068e+00
3.586794979222267532e-01 1.340134015414220947e+00
1.117681237934736949e+00 3.718904018110457788e+00
1.191677306284342208e+00 2.409862100789815109e+00
3.296795570589625246e+00 2.173096894733228091e+00
4.028696333846879973e+00 3.989554900815887706e+00
-5.206293606030050203e-01 3.833076988958613374e+00
3.583254230969600940e+00 5.184116406651241071e+00
2.143494721861773478e+00 4.037940141519274384e+00
9.277360506360506909e-01 3.369300721029186096e+00
3.664541386607482742e+00 2.835940083665637879e+00
1.021136760577144864e-01 4.041497191096011576e+00
2.765254600956864373e+00 3.652824806980690564e+00
4.059944639425424384e+00 2.235930036773946306e+00
2.924397731454387639e+00 3.892193173076845092e+00
9.687626441886578732e-01 3.911281763331404093e+00
7.093049887384162977e-01 2.705570650008115585e+00
3.950878019739204383e+00 2.733793777427304228e+00
2.851067527383287725e+00 2.386183325752364581e+00
2.785525484177001410e+00 2.011633382246326818e+00
2.997189661660685012e+00 5.464308606501483645e+00
2.934061927699616490e+00 2.754298985865320848e+00
2.336882790435634405e+00 4.831690427610073613e-01
4.177938568951229392e+00 3.287691952091566172e+00
-1.186637718601470048e+00 2.197213445232905293e+00
1.005838163460691215e+00 4.817439779742603179e+00
9.315511769396224162e-01 5.749514778069428900e+00
-5.066472789949205691e-03 3.412231701650429994e+00
1.182006863655470363e+00 4.816664704930285090e+00
3.622756344743768064e+00 5.065304404288996309e+00
2.487945971113350030e+00 6.896941583035181011e+00
1.956469215166615205e+00 4.064243339805572397e+00
1.449265596421639879e+00 4.519234617729805947e+00
2.887478619204512320e+00 3.147310369498963034e+00
2.076246809701802754e+00 5.460186215778961127e+00
4.414548795839415618e+00 5.746271002584937726e+00
4.613685304364638640e+00 3.963821451727652878e+00
3.245958177715899673e+00 6.090370074154354718e+00
4.101776971797613136e+00 5.867124807017123800e+00
4.961149083943504401e+00 6.862706532560520323e+00
6.450231063929834363e-01 2.671024976449298372e+00
4.721146029656578591e+00 4.828419359971914737e+00
4.304177603877945124e+00 3.149453538263281782e+00
4.896115040937872642e+00 5.139088737516154026e+00
1.853192929192641669e+00 5.398556602211150413e+00
4.389723996707936671e+00 4.130006669619748827e+00
3.629908304835184119e+00 2.619211591230044434e+00
-5.058443462936637047e-01 2.991789080127821521e+00
4.181683129956748068e-02 4.055344834972668622e+00
4.378525247521557695e+00 4.861714267814053692e+00
1.317765970007170884e+00 3.684008998883310237e+00
3.156962688426396380e+00 2.924782552887661424e-01
4.566336655581147319e+00 3.493636493528283538e+00
1.401823536235436984e-01 3.428177037987222953e+00
3.959666904541758736e-02 3.682802954508620275e+00
6.159008106384056269e-02 3.528108167261450046e+00
3.216343104761003602e+00 4.161258428970668888e+00
2.530582466478316306e+00 8.095086860868413225e+00
6.496150138299789933e-01 4.499388537589943837e+00
2.100812558110893846e+00 4.964349886089853392e+00
3.095705717180770922e+00 5.074436875244401790e+00
4.723627662757778012e+00 4.021667240712852198e+00
4.386685102927581070e+00 3.142952640417553400e+00
7.293358215095474550e-01 6.660661324833846209e+00
6.106417618255798097e+00 5.421866620615919174e+00
5.667305772983893597e+00 7.349551138450813426e+00
1.234651115403944788e+00 5.051143122345512992e+00
3.939278350521968619e+00 4.442416846421910037e+00
1.453159403466087962e+00 3.178659785070745869e+00
3.782968039068699717e+00 5.869805945984696294e+00
